[
    {
        "main/loss": 2.5031068325042725,
        "main/accuracy": 0.10087446868419647,
        "lr": 0.1,
        "val/main/loss": 2.303039789199829,
        "val/main/accuracy": 0.09335937350988388,
        "epoch": 1,
        "iteration": 352,
        "elapsed_time": 16.000232252292335
    },
    {
        "main/loss": 2.3045003414154053,
        "main/accuracy": 0.09867720305919647,
        "lr": 0.1,
        "val/main/loss": 2.305487632751465,
        "val/main/accuracy": 0.09804687649011612,
        "epoch": 2,
        "iteration": 704,
        "elapsed_time": 30.725029240362346
    },
    {
        "main/loss": 2.3047549724578857,
        "main/accuracy": 0.10033831745386124,
        "lr": 0.1,
        "val/main/loss": 2.3062021732330322,
        "val/main/accuracy": 0.10527344048023224,
        "epoch": 3,
        "iteration": 1055,
        "elapsed_time": 46.42298690136522
    },
    {
        "main/loss": 2.3041698932647705,
        "main/accuracy": 0.09916548430919647,
        "lr": 0.1,
        "val/main/loss": 2.305729389190674,
        "val/main/accuracy": 0.09199218451976776,
        "epoch": 4,
        "iteration": 1407,
        "elapsed_time": 62.1482346849516
    }
]